MEME version 5

ALPHABET= ACGT

strands: + -

Background letter frequencies
A 0.250000 C 0.250000 G 0.250000 T 0.250000

MOTIF M00115_2.00 Arid3a
letter-probability matrix: alength= 4 w= 9 nsites= 100 E= 0
 0.246578  0.267115  0.232219  0.254088 
 0.378326  0.089636  0.246105  0.285933 
 0.932211  0.020037  0.024473  0.023279 
 0.109459  0.057143  0.094212  0.739186 
 0.198441  0.333784  0.113351  0.354424 
 0.708755  0.056459  0.138866  0.095920 
 0.607308  0.100387  0.141039  0.151265 
 0.519306  0.108039  0.187259  0.185396 
 0.347377  0.202433  0.185010  0.265180 

MOTIF M00116_2.00 Arid5a
letter-probability matrix: alength= 4 w= 11 nsites= 100 E= 0
 0.299920  0.199062  0.199062  0.301956 
 0.282795  0.466267  0.073219  0.177718 
 0.928776  0.023741  0.023741  0.023741 
 0.999535  0.000155  0.000155  0.000155 
 0.000155  0.000155  0.000155  0.999535 
 0.999535  0.000155  0.000155  0.000155 
 0.000155  0.000155  0.000155  0.999535 
 0.000155  0.097259  0.000155  0.902432 
 0.542245  0.051093  0.149621  0.257042 
 0.176936  0.277743  0.176936  0.368385 
 0.226414  0.320759  0.226414  0.226414 

MOTIF M00118_2.00 Tcf3
letter-probability matrix: alength= 4 w= 8 nsites= 100 E= 0
 0.309764  0.253613  0.319197  0.117426 
 0.008886  0.986837  0.000975  0.003302 
 0.987615  0.001216  0.006926  0.004243 
 0.003400  0.654532  0.138923  0.203145 
 0.002884  0.803606  0.186627  0.006883 
 0.011762  0.017547  0.031654  0.939038 
 0.002613  0.003005  0.973045  0.021337 
 0.122099  0.322090  0.297327  0.258484 

MOTIF M00119_2.00 Bhlhe40
letter-probability matrix: alength= 4 w= 9 nsites= 100 E= 0
 0.298964  0.092789  0.284383  0.323864 
 0.157282  0.786851  0.029608  0.026260 
 0.671267  0.095504  0.146814  0.086415 
 0.005941  0.890538  0.024333  0.079188 
 0.046499  0.023091  0.924659  0.005751 
 0.063923  0.056130  0.027873  0.852074 
 0.000096  0.000143  0.999507  0.000253 
 0.460642  0.404487  0.056409  0.078462 
 0.157955  0.404362  0.242818  0.194866 

MOTIF M00121_2.00 Max
letter-probability matrix: alength= 4 w= 9 nsites= 100 E= 0
 0.188660  0.365019  0.265058  0.181263 
 0.161107  0.707733  0.075344  0.055816 
 0.553702  0.064497  0.272224  0.109577 
 0.016383  0.817513  0.076422  0.089682 
 0.280383  0.069142  0.649469  0.001006 
 0.058979  0.006216  0.030483  0.904321 
 0.000165  0.000010  0.999805  0.000020 
 0.194467  0.254745  0.333707  0.217080 
 0.178079  0.273753  0.233277  0.314891 

MOTIF M00123_2.00 Mafk
letter-probability matrix: alength= 4 w= 10 nsites= 100 E= 0
 0.204029  0.225487  0.206080  0.364404 
 0.236887  0.356945  0.180834  0.225334 
 0.366431  0.173090  0.224485  0.235995 
 0.211095  0.124252  0.479292  0.185362 
 0.221482  0.544759  0.112207  0.121552 
 0.581822  0.053848  0.253703  0.110627 
 0.397568  0.193517  0.184079  0.224835 
 0.408500  0.110221  0.169439  0.311840 
 0.374779  0.157014  0.132467  0.335740 
 0.299479  0.213160  0.169363  0.317998 

MOTIF M00124_2.00 Atf1
letter-probability matrix: alength= 4 w= 10 nsites= 100 E= 0
 0.260600  0.193057  0.290902  0.255440 
 0.297930  0.203743  0.261611  0.236716 
 0.174845  0.166318  0.245649  0.413188 
 0.186210  0.177128  0.390283  0.246379 
 0.445741  0.112139  0.281389  0.160732 
 0.171869  0.422731  0.182497  0.222903 
 0.256025  0.100011  0.480715  0.163249 
 0.268049  0.185151  0.235372  0.311428 
 0.340203  0.183010  0.278534  0.198253 
 0.336613  0.151250  0.270138  0.241999 

MOTIF M00125_2.00 Jdp2
letter-probability matrix: alength= 4 w= 10 nsites= 100 E= 0
 0.226159  0.202601  0.358252  0.212988 
 0.460836  0.137420  0.369830  0.031914 
 0.004173  0.013179  0.001614  0.981035 
 0.044273  0.036980  0.742765  0.175982 
 0.987799  0.000325  0.000224  0.011652 
 0.041156  0.637382  0.123639  0.197822 
 0.166793  0.107421  0.496090  0.229696 
 0.203168  0.294133  0.136187  0.366512 
 0.366588  0.277061  0.220135  0.136216 
 0.350480  0.202210  0.214714  0.232596 

MOTIF M00126_2.00 Mafb
letter-probability matrix: alength= 4 w= 13 nsites= 100 E= 0
 0.311331  0.229556  0.229556  0.229556 
 0.263927  0.336617  0.247677  0.151778 
 0.046512  0.046512  0.860463  0.046512 
 0.020238  0.020238  0.020238  0.939286 
 0.020238  0.939286  0.020238  0.020238 
 0.919257  0.000209  0.000209  0.080326 
 0.000209  0.000209  0.999374  0.000209 
 0.000209  0.999374  0.000209  0.000209 
 0.938043  0.020652  0.020652  0.020652 
 0.403239  0.220542  0.175901  0.200318 
 0.203696  0.203696  0.203696  0.388911 
 0.229971  0.229971  0.229971  0.310088 
 0.229971  0.229971  0.229971  0.310088 

MOTIF M00128_2.00 Bcl6b
letter-probability matrix: alength= 4 w= 12 nsites= 100 E= 0
 0.204139  0.204139  0.297022  0.294700 
 0.075511  0.258693  0.075511  0.590285 
 0.075511  0.475764  0.075511  0.373214 
 0.024714  0.227200  0.117305  0.630781 
 0.000191  0.204678  0.000191  0.794940 
 0.000191  0.297041  0.000191  0.702578 
 0.000191  0.813622  0.000191  0.185997 
 0.000191  0.273933  0.112087  0.613789 
 0.585740  0.136642  0.046052  0.231566 
 0.174679  0.174679  0.475962  0.174679 
 0.386441  0.174679  0.264200  0.174679 
 0.323570  0.225477  0.225477  0.225477 

MOTIF M00129_2.00 Glis2
letter-probability matrix: alength= 4 w= 11 nsites= 100 E= 0
 0.297787  0.205271  0.291670  0.205271 
 0.122468  0.122468  0.516476  0.238588 
 0.853502  0.048833  0.048833  0.048833 
 0.000178  0.999466  0.000178  0.000178 
 0.000178  0.999466  0.000178  0.000178 
 0.000178  0.999466  0.000178  0.000178 
 0.000178  0.999466  0.000178  0.000178 
 0.000178  0.634038  0.000178  0.365605 
 0.044907  0.678767  0.044907  0.231420 
 0.335713  0.127710  0.227261  0.309315 
 0.201346  0.300897  0.201346  0.296412 

MOTIF M00130_2.00 Plagl1
letter-probability matrix: alength= 4 w= 10 nsites= 100 E= 0
 0.208508  0.214858  0.327005  0.249629 
 0.182810  0.170451  0.423455  0.223285 
 0.150319  0.191093  0.494112  0.164476 
 0.158555  0.203589  0.553411  0.084445 
 0.038465  0.934251  0.000980  0.026305 
 0.067970  0.924328  0.000170  0.007531 
 0.009151  0.752816  0.011289  0.226744 
 0.056874  0.872049  0.030595  0.040482 
 0.243664  0.338929  0.119796  0.297612 
 0.230968  0.302560  0.200794  0.265677 

MOTIF M00132_2.00 Osr2
letter-probability matrix: alength= 4 w= 10 nsites= 100 E= 0
 0.262806  0.184650  0.201449  0.351094 
 0.173312  0.116217  0.675756  0.034714 
 0.013374  0.942389  0.000000  0.044236 
 0.036161  0.104554  0.000001  0.859283 
 0.677114  0.090710  0.028198  0.203978 
 0.000004  0.993136  0.000189  0.006671 
 0.000396  0.513153  0.000004  0.486448 
 0.098002  0.069838  0.668656  0.163505 
 0.203489  0.147552  0.205154  0.443805 
 0.201232  0.181878  0.195525  0.421366 

MOTIF M00133_2.00 Sp4
letter-probability matrix: alength= 4 w= 10 nsites= 100 E= 0
 0.210214  0.458577  0.118882  0.212327 
 0.423407  0.501866  0.028741  0.045986 
 0.029760  0.909753  0.024858  0.035629 
 0.156909  0.014093  0.668920  0.160079 
 0.000767  0.987545  0.000039  0.011649 
 0.000264  0.999670  0.000030  0.000036 
 0.000434  0.833039  0.000013  0.166514 
 0.296789  0.562855  0.013504  0.126852 
 0.102020  0.541945  0.119721  0.236315 
 0.207575  0.297523  0.149230  0.345672 

MOTIF M00134_2.00 Klf7
letter-probability matrix: alength= 4 w= 10 nsites= 100 E= 0
 0.234441  0.180766  0.414554  0.170239 
 0.219242  0.497789  0.115605  0.167365 
 0.177318  0.538047  0.076550  0.208085 
 0.515538  0.352557  0.089587  0.042318 
 0.009895  0.974574  0.000320  0.015211 
 0.228736  0.010304  0.660217  0.100743 
 0.000089  0.999596  0.000241  0.000074 
 0.000191  0.999363  0.000173  0.000272 
 0.001121  0.823801  0.000229  0.174850 
 0.342124  0.258571  0.077105  0.322200 

MOTIF M00136_2.00 Mtf1
letter-probability matrix: alength= 4 w= 9 nsites= 100 E= 0
 0.004902  0.985294  0.004902  0.004902 
 0.002475  0.002475  0.992574  0.002475 
 0.002475  0.002475  0.002475  0.992574 
 0.002475  0.002475  0.992574  0.002475 
 0.002475  0.497525  0.002475  0.497525 
 0.002475  0.002475  0.992574  0.002475 
 0.002475  0.992574  0.002475  0.002475 
 0.992574  0.002475  0.002475  0.002475 
 0.495098  0.495098  0.004902  0.004902 

MOTIF M00138_2.00 Egr1
letter-probability matrix: alength= 4 w= 10 nsites= 100 E= 0
 0.160575  0.497086  0.138208  0.204131 
 0.242692  0.124187  0.442213  0.190908 
 0.071941  0.859062  0.024924  0.044073 
 0.009280  0.970566  0.019451  0.000703 
 0.033686  0.770526  0.022133  0.173655 
 0.421923  0.439142  0.077078  0.061857 
 0.044901  0.816039  0.048641  0.090420 
 0.103739  0.192843  0.437849  0.265569 
 0.129970  0.516618  0.155602  0.197809 
 0.339665  0.225419  0.197939  0.236976 

MOTIF M00141_2.00 Hic1
letter-probability matrix: alength= 4 w= 9 nsites= 100 E= 0
 0.384359  0.087495  0.433364  0.094782 
 0.001417  0.025498  0.001820  0.971265 
 0.136986  0.003190  0.853954  0.005870 
 0.000720  0.984235  0.013489  0.001556 
 0.014112  0.979480  0.001711  0.004697 
 0.547870  0.386078  0.009450  0.056602 
 0.432663  0.219194  0.190558  0.157584 
 0.113275  0.528381  0.136978  0.221366 
 0.180992  0.346697  0.210283  0.262028 

MOTIF M00144_2.00 Osr1
letter-probability matrix: alength= 4 w= 9 nsites= 100 E= 0
 0.239345  0.218745  0.246634  0.295275 
 0.191857  0.178887  0.532058  0.097198 
 0.021077  0.835642  0.002359  0.140921 
 0.032784  0.170704  0.000247  0.796265 
 0.546729  0.158215  0.044432  0.250624 
 0.007923  0.906640  0.002363  0.083075 
 0.000350  0.507322  0.000000  0.492328 
 0.126341  0.131497  0.544020  0.198142 
 0.176151  0.179710  0.240169  0.403971 

MOTIF M00153_2.00 E2f3
letter-probability matrix: alength= 4 w= 10 nsites= 100 E= 0
 0.328844  0.158473  0.193559  0.319125 
 0.340062  0.138259  0.138259  0.383419 
 0.250781  0.152106  0.248285  0.348828 
 0.146662  0.212328  0.477294  0.163716 
 0.049148  0.109382  0.841214  0.000255 
 0.098666  0.881603  0.000009  0.019722 
 0.001228  0.000013  0.977948  0.020810 
 0.022581  0.624590  0.326064  0.026765 
 0.135566  0.284138  0.361210  0.219085 
 0.234821  0.292605  0.182879  0.289694 

MOTIF M00154_2.00 E2f2
letter-probability matrix: alength= 4 w= 10 nsites= 100 E= 0
 0.323791  0.157606  0.184952  0.333651 
 0.356499  0.123511  0.133798  0.386191 
 0.252758  0.144378  0.247753  0.355112 
 0.126742  0.200769  0.545747  0.126742 
 0.023207  0.074773  0.901856  0.000164 
 0.069741  0.911218  0.000224  0.018817 
 0.000176  0.000025  0.982509  0.017290 
 0.011409  0.610578  0.359389  0.018623 
 0.108464  0.261496  0.386224  0.243817 
 0.250797  0.271685  0.168114  0.309403 

MOTIF M00156_2.00 Elf3
letter-probability matrix: alength= 4 w= 10 nsites= 100 E= 0
 0.411349  0.141096  0.190460  0.257094 
 0.256228  0.286021  0.214019  0.243731 
 0.255689  0.345145  0.285420  0.113745 
 0.360725  0.386880  0.177348  0.075047 
 0.143150  0.028047  0.745381  0.083421 
 0.125128  0.023321  0.756981  0.094570 
 0.888187  0.000017  0.039614  0.072181 
 0.787696  0.000028  0.029345  0.182932 
 0.390316  0.110715  0.414452  0.084517 
 0.222956  0.197744  0.143592  0.435709 

MOTIF M00157_2.00 Gabpa
letter-probability matrix: alength= 4 w= 10 nsites= 100 E= 0
 0.310173  0.239160  0.232091  0.218575 
 0.515468  0.099991  0.271802  0.112739 
 0.100868  0.708969  0.159782  0.030381 
 0.125542  0.847793  0.021599  0.005066 
 0.008511  0.006180  0.983769  0.001539 
 0.001765  0.005251  0.990671  0.002313 
 0.980239  0.008916  0.004748  0.006097 
 0.784086  0.021000  0.005390  0.189525 
 0.330437  0.069437  0.572730  0.027396 
 0.085838  0.235677  0.092987  0.585498 

MOTIF M00158_2.00 Ehf
letter-probability matrix: alength= 4 w= 10 nsites= 100 E= 0
 0.497929  0.096588  0.145541  0.259942 
 0.239502  0.275493  0.259450  0.225555 
 0.238666  0.401443  0.297397  0.062494 
 0.339402  0.554011  0.093427  0.013160 
 0.009336  0.001239  0.986255  0.003171 
 0.006697  0.003195  0.983988  0.006120 
 0.979497  0.004380  0.005458  0.010666 
 0.868199  0.019815  0.004602  0.107385 
 0.352316  0.096017  0.530876  0.020791 
 0.123743  0.244253  0.082947  0.549058 

MOTIF M00159_2.00 Spdef
letter-probability matrix: alength= 4 w= 10 nsites= 100 E= 0
 0.401213  0.134894  0.189519  0.274374 
 0.288005  0.299758  0.235798  0.176439 
 0.207310  0.504826  0.205247  0.082617 
 0.276376  0.615087  0.084925  0.023612 
 0.001256  0.018138  0.980434  0.000172 
 0.005077  0.055966  0.893136  0.045821 
 0.810468  0.028435  0.076525  0.084573 
 0.293995  0.181919  0.067597  0.456488 
 0.285185  0.231166  0.308937  0.174712 
 0.171414  0.277017  0.125723  0.425847 

MOTIF M00160_2.00 Foxj3
letter-probability matrix: alength= 4 w= 10 nsites= 100 E= 0
 0.272342  0.213287  0.238265  0.276106 
 0.383328  0.071216  0.521888  0.023568 
 0.117428  0.105265  0.021002  0.756305 
 0.834939  0.152266  0.000007  0.012788 
 0.908292  0.059096  0.002967  0.029645 
 0.977393  0.014489  0.001628  0.006490 
 0.001282  0.843632  0.000001  0.155085 
 0.965165  0.012083  0.006831  0.015922 
 0.479654  0.164189  0.114694  0.241463 
 0.417043  0.185221  0.142285  0.255451 

MOTIF M00161_2.00 Foxj1
letter-probability matrix: alength= 4 w= 12 nsites= 100 E= 0
 0.394926  0.201691  0.201691  0.201691 
 0.357836  0.147163  0.347838  0.147163 
 0.159006  0.172368  0.068783  0.599842 
 0.841382  0.113021  0.022798  0.022798 
 0.999531  0.000156  0.000156  0.000156 
 0.999531  0.000156  0.000156  0.000156 
 0.000156  0.999531  0.000156  0.000156 
 0.999531  0.000156  0.000156  0.000156 
 0.854605  0.048465  0.048465  0.048465 
 0.691020  0.102993  0.102993  0.102993 
 0.181373  0.360053  0.181373  0.277201 
 0.317926  0.227358  0.227358  0.227358 

MOTIF M00162_2.00 Foxa2
letter-probability matrix: alength= 4 w= 8 nsites= 100 E= 0
 0.160144  0.000399  0.839058  0.000399 
 0.000322  0.032539  0.000322  0.966817 
 0.878027  0.121368  0.000303  0.000303 
 0.968826  0.030569  0.000303  0.000303 
 0.999092  0.000303  0.000303  0.000303 
 0.000303  0.635896  0.000303  0.363499 
 0.999092  0.000303  0.000303  0.000303 
 0.630777  0.105567  0.105567  0.158088 

MOTIF M00163_2.00 Foxk1
letter-probability matrix: alength= 4 w= 8 nsites= 100 E= 0
 0.309467  0.142959  0.547336  0.000238 
 0.295052  0.000164  0.000164  0.704620 
 0.619510  0.295749  0.000141  0.084600 
 0.888534  0.069545  0.000139  0.041782 
 0.999584  0.000139  0.000139  0.000139 
 0.000139  0.957940  0.000139  0.041782 
 0.999572  0.000143  0.000143  0.000143 
 0.660068  0.132164  0.056750  0.151018 

MOTIF M00165_2.00 Gata6
letter-probability matrix: alength= 4 w= 8 nsites= 100 E= 0
 0.229267  0.280027  0.263720  0.226986 
 0.435295  0.191718  0.040692  0.332295 
 0.004968  0.003232  0.985357  0.006443 
 0.991818  0.000571  0.000077  0.007535 
 0.002971  0.004567  0.001257  0.991204 
 0.755577  0.020440  0.011793  0.212190 
 0.638146  0.080525  0.151195  0.130134 
 0.180992  0.289586  0.357256  0.172165 

MOTIF M00166_2.00 Gata3
letter-probability matrix: alength= 4 w= 10 nsites= 100 E= 0
 0.268595  0.233506  0.226604  0.271295 
 0.274182  0.235991  0.229016  0.260810 
 0.228672  0.255262  0.268349  0.247717 
 0.424078  0.237440  0.065360  0.273121 
 0.073859  0.028851  0.873191  0.024099 
 0.941711  0.009657  0.001747  0.046885 
 0.062764  0.030247  0.036212  0.870777 
 0.486794  0.180881  0.095377  0.236948 
 0.453949  0.132686  0.190183  0.223182 
 0.227316  0.258874  0.316190  0.197619 

MOTIF M00167_2.00 Gata5
letter-probability matrix: alength= 4 w= 9 nsites= 100 E= 0
 0.269704  0.232136  0.256550  0.241610 
 0.223924  0.265418  0.268085  0.242574 
 0.334851  0.238337  0.111462  0.315350 
 0.139815  0.113332  0.678797  0.068055 
 0.741047  0.046902  0.102316  0.109735 
 0.190215  0.082943  0.088957  0.637884 
 0.577501  0.109805  0.104450  0.208244 
 0.492768  0.132959  0.175922  0.198351 
 0.218515  0.266895  0.342700  0.171890 

MOTIF M00171_2.00 Hnf1a
letter-probability matrix: alength= 4 w= 8 nsites= 100 E= 0
 0.208589  0.259918  0.115627  0.415867 
 0.174432  0.069514  0.027154  0.728899 
 0.781902  0.055798  0.018024  0.144276 
 0.872713  0.008950  0.026354  0.091983 
 0.000143  0.726066  0.041581  0.232210 
 0.095060  0.393275  0.110444  0.401220 
 0.294001  0.176546  0.268697  0.260756 
 0.311570  0.204716  0.321059  0.162654 

MOTIF M00173_2.00 Irf9
letter-probability matrix: alength= 4 w= 9 nsites= 100 E= 0
 0.449112  0.168557  0.152516  0.229815 
 0.282222  0.198879  0.206995  0.311904 
 0.164944  0.443902  0.135045  0.256109 
 0.214167  0.089725  0.593926  0.102182 
 0.653144  0.109049  0.112370  0.125436 
 0.724258  0.017728  0.098018  0.159996 
 0.840172  0.015235  0.000045  0.144547 
 0.156347  0.493774  0.215310  0.134569 
 0.200275  0.287061  0.125173  0.387491 

MOTIF M00174_2.00 Irf3
letter-probability matrix: alength= 4 w= 10 nsites= 100 E= 0
 0.448498  0.074136  0.359928  0.117437 
 0.488749  0.099668  0.206820  0.204762 
 0.498836  0.098719  0.105877  0.296568 
 0.236972  0.286559  0.232280  0.244189 
 0.110747  0.289237  0.467428  0.132588 
 0.100600  0.022900  0.872316  0.004184 
 0.654660  0.158240  0.109302  0.077798 
 0.673628  0.086719  0.080052  0.159601 
 0.692509  0.152982  0.037725  0.116783 
 0.096691  0.584946  0.196668  0.121695 

MOTIF M00175_2.00 Irf4
letter-probability matrix: alength= 4 w= 10 nsites= 100 E= 0
 0.303977  0.189986  0.239117  0.266921 
 0.362132  0.194807  0.185306  0.257755 
 0.219001  0.326710  0.214664  0.239625 
 0.127591  0.497118  0.079744  0.295547 
 0.089135  0.024536  0.854187  0.032142 
 0.744948  0.076196  0.130754  0.048102 
 0.639821  0.009691  0.157778  0.192710 
 0.881945  0.043040  0.000416  0.074599 
 0.133040  0.534137  0.240003  0.092819 
 0.158686  0.346169  0.131227  0.363918 

MOTIF M00176_2.00 Irf6
letter-probability matrix: alength= 4 w= 10 nsites= 100 E= 0
 0.262254  0.230284  0.292748  0.214715 
 0.353402  0.201866  0.295186  0.149546 
 0.198546  0.337316  0.221633  0.242505 
 0.182675  0.527267  0.071358  0.218701 
 0.094054  0.029485  0.832033  0.044428 
 0.794160  0.031415  0.119975  0.054450 
 0.454503  0.027638  0.163891  0.353967 
 0.942619  0.008488  0.011231  0.037662 
 0.070785  0.664903  0.170655  0.093657 
 0.130404  0.380178  0.138468  0.350949 

MOTIF M00177_2.00 Irf5
letter-probability matrix: alength= 4 w= 10 nsites= 100 E= 0
 0.308454  0.190866  0.262847  0.237834 
 0.413580  0.169839  0.236240  0.180341 
 0.236104  0.309288  0.185726  0.268882 
 0.166646  0.564460  0.052766  0.216128 
 0.096296  0.020235  0.860424  0.023044 
 0.793615  0.045906  0.137910  0.022569 
 0.562100  0.003039  0.213082  0.221778 
 0.939833  0.013814  0.000027  0.046326 
 0.110088  0.590685  0.210879  0.088348 
 0.158104  0.344900  0.108121  0.388874 

MOTIF M00178_2.00 Srf
letter-probability matrix: alength= 4 w= 10 nsites= 100 E= 0
 0.212984  0.416099  0.142972  0.227946 
 0.201998  0.401559  0.182516  0.213926 
 0.432247  0.083239  0.179282  0.305232 
 0.394149  0.098816  0.146383  0.360652 
 0.532912  0.075998  0.118189  0.272901 
 0.272901  0.118189  0.075998  0.532912 
 0.360652  0.146383  0.098816  0.394149 
 0.305232  0.179282  0.083239  0.432247 
 0.213926  0.182516  0.401559  0.201998 
 0.227946  0.142972  0.416099  0.212984 

MOTIF M00179_2.00 Myb
letter-probability matrix: alength= 4 w= 10 nsites= 100 E= 0
 0.198025  0.333083  0.036907  0.431985 
 0.980382  0.001374  0.012781  0.005463 
 0.961334  0.033060  0.002999  0.002607 
 0.001169  0.998472  0.000011  0.000349 
 0.036725  0.148928  0.680932  0.133415 
 0.107987  0.024095  0.782119  0.085799 
 0.282515  0.291119  0.059963  0.366402 
 0.212560  0.432345  0.076648  0.278446 
 0.331406  0.193126  0.219937  0.255531 
 0.300081  0.220094  0.185685  0.294139 

MOTIF M00181_2.00 Rxra
letter-probability matrix: alength= 4 w= 10 nsites= 100 E= 0
 0.325203  0.229167  0.176700  0.268930 
 0.302762  0.119456  0.489286  0.088495 
 0.447338  0.000344  0.551871  0.000446 
 0.041805  0.000161  0.956243  0.001791 
 0.023582  0.000259  0.765452  0.210707 
 0.048615  0.000240  0.085109  0.866036 
 0.081116  0.682577  0.097113  0.139195 
 0.814947  0.000279  0.169546  0.015228 
 0.270941  0.314788  0.148695  0.265576 
 0.251452  0.223018  0.319658  0.205872 

MOTIF M00182_2.00 Hnf4a
letter-probability matrix: alength= 4 w= 10 nsites= 100 E= 0
 0.335787  0.227347  0.218433  0.218433 
 0.308956  0.147407  0.412898  0.130739 
 0.384796  0.046188  0.524640  0.044377 
 0.018196  0.000549  0.935597  0.045658 
 0.066096  0.000114  0.420360  0.513429 
 0.127654  0.379679  0.101426  0.391242 
 0.153029  0.652382  0.103610  0.090979 
 0.586362  0.092198  0.253139  0.068302 
 0.307590  0.259503  0.198099  0.234808 
 0.269577  0.239094  0.229719  0.261610 

MOTIF M00183_2.00 Esrra
letter-probability matrix: alength= 4 w= 9 nsites= 100 E= 0
 0.210071  0.435914  0.246520  0.107495 
 0.703605  0.026212  0.189847  0.080336 
 0.865652  0.026668  0.100835  0.006845 
 0.032096  0.000467  0.896716  0.070721 
 0.014440  0.003222  0.972658  0.009680 
 0.123392  0.007967  0.122164  0.746477 
 0.008169  0.773091  0.077509  0.141231 
 0.731929  0.019800  0.220453  0.027818 
 0.295829  0.259766  0.123938  0.320467 

MOTIF M00184_2.00 Nr2f2
letter-probability matrix: alength= 4 w= 8 nsites= 100 E= 0
 0.343561  0.117844  0.441142  0.097453 
 0.519548  0.010104  0.465429  0.004918 
 0.005640  0.000372  0.972451  0.021538 
 0.014119  0.000182  0.941551  0.044147 
 0.004880  0.014806  0.031660  0.948655 
 0.004689  0.893593  0.028368  0.073351 
 0.851749  0.010668  0.121182  0.016400 
 0.304843  0.304843  0.152902  0.237412 

MOTIF M00185_2.00 Rara
letter-probability matrix: alength= 4 w= 8 nsites= 100 E= 0
 0.347647  0.151591  0.347647  0.153115 
 0.564155  0.084380  0.332064  0.019401 
 0.004317  0.000046  0.955885  0.039751 
 0.004651  0.000012  0.818173  0.177164 
 0.050818  0.035811  0.069287  0.844084 
 0.018541  0.854042  0.045150  0.082268 
 0.872278  0.006056  0.104701  0.016964 
 0.268794  0.328306  0.178385  0.224515 

MOTIF M00187_2.00 Rfx7
letter-probability matrix: alength= 4 w= 10 nsites= 100 E= 0
 0.112836  0.359938  0.306719  0.220508 
 0.105431  0.000349  0.843917  0.050302 
 0.042441  0.070677  0.059627  0.827255 
 0.192406  0.221319  0.014008  0.572267 
 0.304137  0.028431  0.486617  0.180816 
 0.069149  0.656069  0.060720  0.214062 
 0.071394  0.379259  0.113094  0.436252 
 0.515965  0.083600  0.266677  0.133759 
 0.266260  0.176703  0.277126  0.279911 
 0.176934  0.211828  0.476170  0.135068 

MOTIF M00188_2.00 Rfx3
letter-probability matrix: alength= 4 w= 10 nsites= 100 E= 0
 0.104605  0.584172  0.194454  0.116769 
 0.266268  0.282733  0.156727  0.294272 
 0.098718  0.112423  0.073867  0.714991 
 0.512814  0.101485  0.365006  0.020695 
 0.255170  0.103744  0.573599  0.067487 
 0.184311  0.457887  0.038345  0.319457 
 0.484397  0.018971  0.233435  0.263197 
 0.869982  0.053972  0.047869  0.028176 
 0.021911  0.904128  0.002656  0.071305 
 0.236202  0.300271  0.335186  0.128340 

MOTIF M00189_2.00 Sp100
letter-probability matrix: alength= 4 w= 10 nsites= 100 E= 0
 0.211385  0.217822  0.291104  0.279689 
 0.233921  0.245914  0.191518  0.328647 
 0.088731  0.792826  0.022323  0.096121 
 0.061408  0.056122  0.810407  0.072063 
 0.206441  0.247154  0.267739  0.278666 
 0.304731  0.192372  0.232625  0.270272 
 0.405420  0.134953  0.168161  0.291466 
 0.442715  0.126840  0.130703  0.299743 
 0.369257  0.172689  0.167585  0.290468 
 0.296350  0.202663  0.198650  0.302337 

MOTIF M00190_2.00 Gmeb1
letter-probability matrix: alength= 4 w= 9 nsites= 100 E= 0
 0.196646  0.249986  0.198622  0.354747 
 0.144790  0.176847  0.356126  0.322236 
 0.656130  0.126010  0.165068  0.052792 
 0.000765  0.984229  0.000098  0.014907 
 0.000422  0.000120  0.999247  0.000212 
 0.030859  0.441173  0.035497  0.492471 
 0.427619  0.180952  0.170414  0.221015 
 0.279059  0.311508  0.200622  0.208810 
 0.274317  0.238480  0.255772  0.231432 

MOTIF M00192_2.00 Smad3
letter-probability matrix: alength= 4 w= 10 nsites= 100 E= 0
 0.288710  0.216031  0.234024  0.261235 
 0.267885  0.210726  0.228276  0.293113 
 0.254675  0.244689  0.210606  0.290031 
 0.178353  0.381367  0.197110  0.243170 
 0.142077  0.390086  0.214084  0.253754 
 0.577609  0.339984  0.075861  0.006546 
 0.069047  0.067007  0.858163  0.005782 
 0.628592  0.263350  0.048110  0.059948 
 0.080759  0.917332  0.000028  0.001880 
 0.388991  0.137491  0.312172  0.161347 

MOTIF M00193_2.00 Tcf7
letter-probability matrix: alength= 4 w= 9 nsites= 100 E= 0
 0.181253  0.200316  0.105625  0.512805 
 0.193981  0.157238  0.162027  0.486755 
 0.165856  0.190780  0.108975  0.534388 
 0.214521  0.234724  0.386994  0.163761 
 0.366461  0.201118  0.166316  0.266105 
 0.245754  0.197223  0.159866  0.397157 
 0.204582  0.302164  0.324073  0.169181 
 0.226849  0.220145  0.217954  0.335052 
 0.257350  0.221503  0.242363  0.278784 

MOTIF M00194_2.00 Hbp1
letter-probability matrix: alength= 4 w= 8 nsites= 100 E= 0
 0.226419  0.257852  0.260443  0.255286 
 0.256789  0.177373  0.194077  0.371762 
 0.185974  0.312814  0.363438  0.137773 
 0.505770  0.103139  0.144906  0.246185 
 0.528531  0.076715  0.198364  0.196390 
 0.225196  0.166830  0.131233  0.476741 
 0.220657  0.150899  0.414308  0.214136 
 0.349045  0.129697  0.335359  0.185899 

MOTIF M00195_2.00 Cic
letter-probability matrix: alength= 4 w= 10 nsites= 100 E= 0
 0.279067  0.181426  0.181426  0.358081 
 0.289551  0.189085  0.212315  0.309049 
 0.000105  0.000105  0.000105  0.999685 
 0.000105  0.000105  0.999685  0.000105 
 0.000105  0.999685  0.000105  0.000105 
 0.000105  0.000105  0.000105  0.999685 
 0.000105  0.000105  0.999685  0.000105 
 0.999685  0.000105  0.000105  0.000105 
 0.068679  0.613130  0.162332  0.155859 
 0.241038  0.147190  0.147190  0.464583 

MOTIF M00196_2.00 Bbx
letter-probability matrix: alength= 4 w= 8 nsites= 100 E= 0
 0.009615  0.009615  0.009615  0.971154 
 0.009615  0.009615  0.009615  0.971154 
 0.009615  0.971154  0.009615  0.009615 
 0.971154  0.009615  0.009615  0.009615 
 0.009615  0.009615  0.009615  0.971154 
 0.009615  0.009615  0.009615  0.971154 
 0.009615  0.009615  0.971154  0.009615 
 0.971154  0.009615  0.009615  0.009615 

MOTIF M00198_2.00 Tcf7l2
letter-probability matrix: alength= 4 w= 10 nsites= 100 E= 0
 0.487867  0.129030  0.194424  0.188678 
 0.105157  0.367034  0.405635  0.122175 
 0.637879  0.044618  0.022157  0.295346 
 0.127896  0.036643  0.013891  0.821570 
 0.117054  0.666899  0.135998  0.080049 
 0.875401  0.013939  0.013663  0.096997 
 0.818830  0.046427  0.085445  0.049298 
 0.728316  0.019702  0.107849  0.144133 
 0.179802  0.178013  0.562199  0.079986 
 0.267968  0.186955  0.403779  0.141298 

MOTIF M00199_2.00 Sox17
letter-probability matrix: alength= 4 w= 9 nsites= 100 E= 0
 0.272019  0.220494  0.246133  0.261353 
 0.262729  0.212964  0.281779  0.242529 
 0.272786  0.206167  0.316932  0.204116 
 0.471453  0.150780  0.193605  0.184163 
 0.406978  0.050844  0.045094  0.497084 
 0.080323  0.409960  0.418242  0.091474 
 0.934269  0.000353  0.000027  0.065350 
 0.941936  0.022827  0.035091  0.000146 
 0.115517  0.053486  0.035143  0.795855 

MOTIF M00203_2.00 Sox5
letter-probability matrix: alength= 4 w= 8 nsites= 100 E= 0
 0.711397  0.062629  0.074981  0.150993 
 0.013623  0.102692  0.036662  0.847024 
 0.035706  0.005341  0.000489  0.958464 
 0.163603  0.110768  0.676843  0.048786 
 0.083974  0.035892  0.034141  0.845992 
 0.117419  0.271985  0.139177  0.471419 
 0.223078  0.342928  0.166921  0.267073 
 0.215726  0.282593  0.176621  0.325060 

MOTIF M00204_2.00 Sox18
letter-probability matrix: alength= 4 w= 8 nsites= 100 E= 0
 0.304046  0.207925  0.241575  0.246455 
 0.316486  0.182597  0.261721  0.239195 
 0.347135  0.194360  0.225814  0.232691 
 0.595861  0.072967  0.063434  0.267738 
 0.078431  0.503822  0.228657  0.189090 
 0.883669  0.025383  0.000562  0.090385 
 0.902298  0.031975  0.054869  0.010858 
 0.182652  0.063281  0.042418  0.711648 

MOTIF M00205_2.00 Sox12
letter-probability matrix: alength= 4 w= 10 nsites= 100 E= 0
 0.219705  0.348028  0.091130  0.341137 
 0.588175  0.037227  0.070600  0.303999 
 0.000309  0.035044  0.051760  0.912887 
 0.025252  0.020469  0.001972  0.952308 
 0.158336  0.116131  0.702551  0.022982 
 0.113178  0.038052  0.029048  0.819721 
 0.109991  0.293067  0.164088  0.432854 
 0.218075  0.312573  0.156779  0.312573 
 0.195622  0.256257  0.205651  0.342469 
 0.219142  0.249565  0.247082  0.284212 

MOTIF M00207_2.00 Tcf7l1
letter-probability matrix: alength= 4 w= 8 nsites= 100 E= 0
 0.194088  0.292455  0.323213  0.190245 
 0.421098  0.167815  0.179983  0.231103 
 0.248778  0.139290  0.158628  0.453303 
 0.182174  0.439204  0.213784  0.164838 
 0.651950  0.031816  0.105633  0.210601 
 0.619209  0.101336  0.132747  0.146708 
 0.493892  0.108020  0.169409  0.228679 
 0.245370  0.217624  0.355231  0.181775 

MOTIF M00209_2.00 Sox7
letter-probability matrix: alength= 4 w= 8 nsites= 100 E= 0
 0.298569  0.212512  0.246904  0.242015 
 0.319250  0.175208  0.266660  0.238883 
 0.357639  0.192390  0.237347  0.212624 
 0.679599  0.055230  0.056345  0.208826 
 0.056853  0.555835  0.186881  0.200431 
 0.931608  0.011904  0.000958  0.055529 
 0.869014  0.026242  0.081236  0.023508 
 0.183811  0.059974  0.047177  0.709038 

MOTIF M00212_2.00 Sox13
letter-probability matrix: alength= 4 w= 8 nsites= 100 E= 0
 0.250000  0.001244  0.623134  0.125622 
 0.914452  0.000831  0.083887  0.000831 
 0.997699  0.000767  0.000767  0.000767 
 0.000767  0.997699  0.000767  0.000767 
 0.997699  0.000767  0.000767  0.000767 
 0.997699  0.000767  0.000767  0.000767 
 0.000767  0.000767  0.000767  0.997699 
 0.554204  0.001106  0.001106  0.443584 

MOTIF M00213_2.00 Sox4
letter-probability matrix: alength= 4 w= 9 nsites= 100 E= 0
 0.307529  0.218890  0.256870  0.216712 
 0.315744  0.153689  0.318917  0.211650 
 0.417549  0.178467  0.285545  0.118439 
 0.861737  0.016592  0.030844  0.090826 
 0.011992  0.738225  0.114921  0.134862 
 0.944003  0.000625  0.028793  0.026579 
 0.913085  0.053884  0.032682  0.000349 
 0.425257  0.077687  0.040964  0.456092 
 0.336931  0.080631  0.399366  0.183072 

MOTIF M00216_2.00 Tbp
letter-probability matrix: alength= 4 w= 7 nsites= 100 E= 0
 0.317192  0.188577  0.170632  0.323600 
 0.377028  0.110202  0.112429  0.400342 
 0.238466  0.123251  0.123251  0.515031 
 0.532428  0.000769  0.095340  0.371463 
 0.290314  0.000533  0.069475  0.639678 
 0.715780  0.078521  0.191210  0.014489 
 0.289234  0.119969  0.104296  0.486500 

MOTIF M00379_2.00 Cux1
letter-probability matrix: alength= 4 w= 8 nsites= 100 E= 0
 0.233794  0.271630  0.203251  0.291325 
 0.189285  0.255508  0.055883  0.499324 
 0.311875  0.118226  0.358742  0.211157 
 0.645599  0.174196  0.000705  0.179501 
 0.168702  0.264578  0.000978  0.565741 
 0.213073  0.513697  0.074562  0.198668 
 0.346919  0.298596  0.154330  0.200155 
 0.248444  0.269136  0.248444  0.233976 

MOTIF M00381_2.00 Hoxb6
letter-probability matrix: alength= 4 w= 7 nsites= 100 E= 0
 0.154837  0.144369  0.176333  0.524462 
 0.423924  0.128967  0.174087  0.273022 
 0.477586  0.116599  0.158974  0.246841 
 0.139209  0.211870  0.101086  0.547835 
 0.172621  0.202573  0.337342  0.287464 
 0.266719  0.175247  0.356451  0.201582 
 0.239474  0.307490  0.264659  0.188377 

MOTIF M00384_2.00 Meox1
letter-probability matrix: alength= 4 w= 9 nsites= 100 E= 0
 0.260011  0.244869  0.186928  0.308192 
 0.121246  0.118845  0.033711  0.726198 
 0.700489  0.000333  0.270908  0.028269 
 0.962122  0.009292  0.000107  0.028478 
 0.024775  0.111032  0.068021  0.796173 
 0.075798  0.088950  0.394680  0.440572 
 0.541591  0.066321  0.277137  0.114952 
 0.183583  0.341268  0.255359  0.219789 
 0.201776  0.326086  0.199769  0.272370 

MOTIF M00386_2.00 Irx2
letter-probability matrix: alength= 4 w= 9 nsites= 100 E= 0
 0.268445  0.240482  0.255353  0.235720 
 0.200643  0.235457  0.276312  0.287588 
 0.315755  0.080236  0.258518  0.345491 
 0.782420  0.011733  0.091139  0.114708 
 0.101611  0.743341  0.043867  0.111181 
 0.671433  0.112103  0.066647  0.149817 
 0.308060  0.244764  0.116780  0.330396 
 0.231796  0.229489  0.363528  0.175187 
 0.271804  0.243491  0.248410  0.236295 

MOTIF M00399_2.00 Pknox1
letter-probability matrix: alength= 4 w= 8 nsites= 100 E= 0
 0.145807  0.166050  0.102749  0.585395 
 0.047416  0.026548  0.887984  0.038052 
 0.795904  0.000436  0.143952  0.059709 
 0.041428  0.910466  0.001396  0.046710 
 0.672067  0.019113  0.247239  0.061581 
 0.160336  0.171961  0.418748  0.248954 
 0.200186  0.289816  0.301643  0.208355 
 0.204146  0.262129  0.190345  0.343380 

MOTIF M00407_2.00 Meis1
letter-probability matrix: alength= 4 w= 9 nsites= 100 E= 0
 0.295464  0.173911  0.204087  0.326538 
 0.083726  0.082068  0.055565  0.778641 
 0.003120  0.034053  0.960935  0.001893 
 0.873497  0.000758  0.057541  0.068204 
 0.019591  0.939245  0.007207  0.033956 
 0.851816  0.012030  0.105359  0.030796 
 0.150397  0.123135  0.540925  0.185542 
 0.147020  0.354449  0.343974  0.154557 
 0.187865  0.236447  0.144854  0.430834 

MOTIF M00408_2.00 Hnf1b
letter-probability matrix: alength= 4 w= 8 nsites= 100 E= 0
 0.239820  0.259794  0.183074  0.317313 
 0.220380  0.185927  0.127148  0.466545 
 0.477055  0.158798  0.088911  0.275237 
 0.656404  0.076461  0.061361  0.205774 
 0.035142  0.691865  0.093634  0.179359 
 0.172604  0.340700  0.165836  0.320859 
 0.328951  0.207662  0.253638  0.209749 
 0.264945  0.228041  0.304760  0.202254 

MOTIF M00413_2.00 Barx1
letter-probability matrix: alength= 4 w= 10 nsites= 100 E= 0
 0.226902  0.245800  0.321989  0.205309 
 0.242216  0.287100  0.200303  0.270381 
 0.160115  0.052242  0.025685  0.761958 
 0.833901  0.014384  0.087892  0.063823 
 0.916212  0.019111  0.030884  0.033793 
 0.098357  0.140978  0.128844  0.631820 
 0.120820  0.238483  0.315544  0.325154 
 0.252984  0.097839  0.489472  0.159705 
 0.192219  0.295490  0.272772  0.239520 
 0.187034  0.293327  0.188913  0.330726 

MOTIF M00419_2.00 Hmbox1
letter-probability matrix: alength= 4 w= 8 nsites= 100 E= 0
 0.185619  0.362743  0.201079  0.250559 
 0.199750  0.175399  0.218561  0.406289 
 0.364381  0.146672  0.346610  0.142337 
 0.136241  0.057652  0.661442  0.144665 
 0.187515  0.094053  0.108187  0.610245 
 0.293166  0.154584  0.148523  0.403727 
 0.426725  0.129819  0.216186  0.227270 
 0.308388  0.196637  0.247487  0.247487 

MOTIF M00422_2.00 Hoxc5
letter-probability matrix: alength= 4 w= 7 nsites= 100 E= 0
 0.190028  0.259088  0.234433  0.316451 
 0.202470  0.101554  0.105699  0.590277 
 0.663860  0.035095  0.167013  0.134031 
 0.824891  0.001005  0.082703  0.091401 
 0.139244  0.098123  0.093338  0.669295 
 0.169026  0.149913  0.350743  0.330318 
 0.396330  0.104820  0.327749  0.171100 

MOTIF M00431_2.00 Prrx1
letter-probability matrix: alength= 4 w= 8 nsites= 100 E= 0
 0.097409  0.113174  0.032751  0.756666 
 0.789979  0.041763  0.110168  0.058091 
 0.961786  0.000398  0.018152  0.019664 
 0.015867  0.053209  0.038253  0.892672 
 0.109607  0.104261  0.116385  0.669747 
 0.466764  0.086127  0.316026  0.131082 
 0.311503  0.148622  0.408058  0.131816 
 0.205307  0.309360  0.213686  0.271648 

MOTIF M00436_2.00 Hoxd8
letter-probability matrix: alength= 4 w= 8 nsites= 100 E= 0
 0.219314  0.185028  0.219314  0.376344 
 0.189250  0.129421  0.156502  0.524827 
 0.457679  0.090574  0.125986  0.325762 
 0.597136  0.103767  0.128015  0.171082 
 0.090772  0.208170  0.123761  0.577296 
 0.175293  0.171822  0.346006  0.306880 
 0.288745  0.129742  0.393682  0.187831 
 0.187393  0.351851  0.217720  0.243036 

MOTIF M00437_2.00 Meis2
letter-probability matrix: alength= 4 w= 9 nsites= 100 E= 0
 0.279714  0.187498  0.226732  0.306056 
 0.133384  0.136078  0.089410  0.641128 
 0.028209  0.031489  0.906531  0.033772 
 0.787150  0.003969  0.102352  0.106529 
 0.042661  0.891832  0.004969  0.060538 
 0.758156  0.019315  0.172585  0.049943 
 0.174931  0.152077  0.461457  0.211535 
 0.174360  0.324123  0.333994  0.167523 
 0.196701  0.255107  0.167617  0.380575 

MOTIF M00438_2.00 Nkx2-2
letter-probability matrix: alength= 4 w= 9 nsites= 100 E= 0
 0.211292  0.263287  0.243044  0.282377 
 0.249961  0.185175  0.148607  0.416257 
 0.165668  0.301867  0.221404  0.311061 
 0.494881  0.045346  0.355781  0.103992 
 0.869196  0.000051  0.015449  0.115304 
 0.101810  0.062998  0.673917  0.161274 
 0.247088  0.045139  0.174120  0.533653 
 0.334033  0.038522  0.503326  0.124119 
 0.129395  0.311957  0.305780  0.252868 

MOTIF M00446_2.00 Pdx1
letter-probability matrix: alength= 4 w= 8 nsites= 100 E= 0
 0.207406  0.312522  0.197290  0.282782 
 0.212544  0.078190  0.070750  0.638516 
 0.637557  0.086284  0.186353  0.089805 
 0.761956  0.050194  0.052767  0.135083 
 0.078717  0.160109  0.131087  0.630087 
 0.157976  0.172853  0.344620  0.324551 
 0.338739  0.140503  0.342143  0.178615 
 0.200480  0.314415  0.267927  0.217177 

MOTIF M00453_2.00 Irx3
letter-probability matrix: alength= 4 w= 10 nsites= 100 E= 0
 0.292956  0.212730  0.247157  0.247157 
 0.199110  0.213547  0.268770  0.318574 
 0.308532  0.060450  0.242700  0.388318 
 0.885224  0.000434  0.056027  0.058314 
 0.069002  0.849069  0.012233  0.069696 
 0.762058  0.078730  0.049701  0.109511 
 0.312091  0.226624  0.087645  0.373640 
 0.225409  0.218747  0.398583  0.157262 
 0.285673  0.236240  0.224718  0.253369 
 0.255374  0.231072  0.219803  0.293750 

MOTIF M00461_2.00 Six4
letter-probability matrix: alength= 4 w= 9 nsites= 100 E= 0
 0.294249  0.222388  0.222388  0.260975 
 0.183480  0.221873  0.178057  0.416591 
 0.075940  0.132946  0.517984  0.273129 
 0.948766  0.047711  0.002423  0.001100 
 0.114207  0.261913  0.146644  0.477236 
 0.526111  0.349154  0.000085  0.124650 
 0.145740  0.556586  0.082419  0.215255 
 0.169751  0.417520  0.211523  0.201207 
 0.257435  0.267941  0.217189  0.257435 

MOTIF M00466_2.00 Nkx6-1
letter-probability matrix: alength= 4 w= 9 nsites= 100 E= 0
 0.319806  0.179059  0.239299  0.261835 
 0.326964  0.089108  0.142572  0.441355 
 0.104999  0.140324  0.052665  0.702012 
 0.632389  0.042927  0.165588  0.159096 
 0.902412  0.000373  0.035342  0.061872 
 0.062494  0.001133  0.033956  0.902416 
 0.174093  0.139713  0.298744  0.387450 
 0.522018  0.055573  0.301178  0.121231 
 0.164852  0.331971  0.291502  0.211674 

MOTIF M00478_2.00 Hoxa5
letter-probability matrix: alength= 4 w= 9 nsites= 100 E= 0
 0.197615  0.274876  0.191775  0.335734 
 0.172181  0.077366  0.072860  0.677593 
 0.653012  0.064174  0.139993  0.142821 
 0.767213  0.043500  0.059905  0.129381 
 0.077594  0.142807  0.113465  0.666135 
 0.137746  0.146263  0.352626  0.363365 
 0.380293  0.108956  0.354582  0.156169 
 0.199945  0.316728  0.264553  0.218775 
 0.222950  0.292056  0.220731  0.264263 

MOTIF M00479_2.00 Hoxb4
letter-probability matrix: alength= 4 w= 9 nsites= 100 E= 0
 0.215070  0.276155  0.181447  0.327328 
 0.172619  0.092859  0.055207  0.679315 
 0.727186  0.051893  0.126366  0.094555 
 0.872145  0.025815  0.020511  0.081529 
 0.049444  0.150030  0.086560  0.713966 
 0.136238  0.143223  0.385447  0.335092 
 0.420940  0.087575  0.341207  0.150278 
 0.234385  0.280610  0.220736  0.264269 
 0.230172  0.281132  0.210361  0.278335 

MOTIF M00480_2.00 Hoxb5
letter-probability matrix: alength= 4 w= 9 nsites= 100 E= 0
 0.189568  0.274444  0.207420  0.328569 
 0.169234  0.099612  0.097640  0.633514 
 0.540007  0.097669  0.167600  0.194724 
 0.650832  0.070686  0.086336  0.192145 
 0.077678  0.161187  0.087581  0.673554 
 0.137376  0.166122  0.355215  0.341287 
 0.341237  0.137356  0.337841  0.183566 
 0.207499  0.315805  0.258559  0.218137 
 0.241008  0.285668  0.222479  0.250844 

MOTIF M00481_2.00 Hoxb7
letter-probability matrix: alength= 4 w= 8 nsites= 100 E= 0
 0.201569  0.209795  0.225007  0.363628 
 0.189212  0.140172  0.145893  0.524723 
 0.499325  0.071755  0.132060  0.296859 
 0.682712  0.063820  0.093324  0.160144 
 0.092818  0.196496  0.120379  0.590307 
 0.162938  0.150410  0.351907  0.334745 
 0.335484  0.115074  0.370767  0.178676 
 0.178488  0.341900  0.233812  0.245800 

MOTIF M00485_2.00 Hlx
